0 0.075 0.09453125 0.15 0.1890625
0 0.3234375 0.0109375 0.003125 0.021875
0 0.234375 0.0921875 0.1765625 0.1734375
0 0.41328125 0.09609375 0.15625 0.175
0 0.5859375 0.0953125 0.165625 0.184375
0 0.7609375 0.096875 0.146875 0.1859375
0 0.93046875 0.09296875 0.1390625 0.1859375
0 0.75625 0.30625 0.159375 0.178125
0 0.928125 0.30859375 0.14375 0.1828125
0 0.759375 0.5046875 0.159375 0.175
0 0.93203125 0.51328125 0.1359375 0.1875
0 0.76796875 0.71640625 0.1625 0.1921875
0 0.93046875 0.71484375 0.134375 0.2015625
0 0.2484375 0.29453125 0.1515625 0.1875
0 0.075 0.30078125 0.15 0.1796875
0 0.246875 0.509375 0.178125 0.1765625
0 0.07109375 0.51015625 0.1421875 0.1765625
0 0.075 0.71015625 0.15 0.1796875
0 0.253125 0.70859375 0.1703125 0.175
0 0.075 0.91015625 0.15 0.1796875
0 0.24453125 0.91171875 0.1625 0.1765625
0 0.41484375 0.909375 0.1640625 0.18125
0 0.590625 0.91171875 0.16875 0.1765625
0 0.76484375 0.9125 0.1578125 0.175
0 0.93203125 0.9140625 0.1359375 0.171875